0.0579499370069243
0.05689225299283862
0.08790702899568714
0.0014216169947758317
0.0011645150079857558
0.0013231720076873899
0.8476676020072773
0.001185313012683764
0.002049745002295822
0.002130445995135233
0.002945764979813248
0.001344330987194553
0.0012122240150347352
0.0013752590166404843
0.0012840490089729428
0.0014734539727214724
0.0016808529908303171
0.001018309994833544
0.0017829139833338559
0.002169328974559903
0.0029415680037345737
0.0010943020170088857
0.0018049960199277848
0.0019551969890017062
0.0029869019926991314
0.0029175620002206415
0.0029153389914426953
0.0030650900152977556
0.0008336840255651623
0.001768396992702037
0.0018516429990995675
0.0030149350059218705
0.0009202069777529687
0.0018207450048066676
0.0018916379776783288
0.0030442909919656813
0.000977473013335839
0.0016750819922890514
0.0022162370150908828
0.003037938993657008
0.0010714399977587163
0.0018448310147505254
0.0019469010003376752
0.0020803130173590034
0.0011484040005598217
0.0017716830188874155
0.00193500000750646
0.0028486040246207267
