0.008602845977293327
0.006707552005536854
0.0025106889952439815
0.00029811900458298624
0.0005662720068357885
0.0005361360090319067
0.0002037819940596819
0.00027018701075576246
0.0005321990174707025
0.00022515200544148684
0.0002561610017437488
0.0001682849833741784
0.00045357999624684453
0.0003184670058544725
0.00046331901103258133
0.0002108449989464134
0.0001834940048865974
0.0003972449922002852
0.0001736150006763637
0.0001272890076506883
0.00016189401503652334
0.00021746798302046955
0.00015482099843211472
0.00028121701325289905
0.0001766720088198781
0.0006379069818649441
0.0001586980069987476
0.0001543489925097674
0.00032298598671332
0.00015321699902415276
0.00973606199841015
0.002480002003721893
0.002341282000998035
0.0023985390143934637
0.0024280550132971257
0.00021415099035948515
0.002409940992947668
0.002342783991480246
0.0024715960025787354
0.0024871649802662432
0.0004680069978348911
0.00034602900268509984
0.00028153799939900637
0.000245600997004658
0.0003759950050152838
0.0002614310069475323
0.00040638199425302446
0.00042472599307075143
0.00045602497993968427
0.0003601349890232086
0.002426350984023884
0.0003786100132856518
0.00031404898618347943
0.00031565199606120586
0.00024269500863738358
0.00018943598843179643
0.0004016130114905536
0.00020336199668236077
0.00022308900952339172
0.00022568300482816994
0.00026101002003997564
0.0004519479989539832
0.00044746900675818324
0.0001824919891078025
0.000492583989398554
0.00043191001168452203
0.00018162099877372384
0.00028994400054216385
0.00044355198042467237
0.00021440201089717448
0.002368232002481818
0.000450213992735371
0.002365267020650208
0.0023768380051478744
0.0023940200044307858
0.00021227801335044205
0.002345649991184473
0.002377900993451476
0.0023514100175816566
0.0024613370187580585
0.00038602499989792705
0.0002145719772670418
0.0002465220168232918
0.00023004200193099678
0.00020423298701643944
0.0004781269817613065
0.00029615598032251
0.000310802977764979
0.00044838100438937545
0.0003242389939259738
0.0002486460143700242
0.0022547789849340916
0.00035306200152263045
0.0003390760102774948
0.00025936702149920166
0.00035980500979349017
0.00030623399652540684
0.0004095479962415993
0.0003323339915368706
0.00030982098542153835
0.00023552199127152562
0.000423944991780445
0.0003721779794432223
0.00027979500009678304
0.00025174199254252017
0.00033150200033560395
0.0003036900016013533
0.00048317600158043206
0.00028282098355703056
0.0023634129902347922
0.00029514398192986846
0.00047024202649481595
0.0023178279807325453
0.002380816004006192
0.0023399489873554558
0.0023107639863155782
0.00016191400936804712
0.0023335270234383643
0.002338296006200835
0.00247679598396644
0.0005841559905093163
0.00021866100723855197
0.00024337699869647622
0.00030432999483309686
0.0002968070039059967
0.000260999018792063
0.00025756299146451056
0.0002659290039446205
0.00020667799981310964
0.00021801897673867643
0.00033638099557720125
0.0023470119922421873
0.0003759250103030354
0.00018731201998889446
0.0003300789976492524
0.0004913809825666249
0.0003811850037891418
0.00024564098566770554
0.0002167759812436998
0.00036553601967170835
0.00035729000228457153
0.00034274300560355186
0.00027073800447396934
0.00025070999981835485
0.0003304000128991902
0.0004775359993800521
0.0002971880021505058
0.00025877502048388124
0.0023987090098671615
0.0005053479981143028
0.00029465300031006336
0.0005016300128772855
0.0024600440228823572
0.002368403016589582
0.0023879999935161322
0.002391344984062016
0.0024770360032562166
0.00023649400100111961
0.0024762540124356747
0.002478509006323293
0.00034496697480790317
0.00025459800963290036
0.00018888499471358955
0.0003624700184445828
0.00022837801952846348
0.00022236700169742107
0.0002333180163986981
0.00030427100136876106
0.00030870898626744747
0.0002671609981916845
0.0003204809909220785
0.00237722898600623
0.0005001079989597201
0.00021777901565656066
0.00032059199293144047
0.0003161229833494872
0.00020100700203329325
0.0002612000098451972
0.0002800149959512055
0.00021918199490755796
0.0005036549991928041
0.0004583600093610585
0.0003440649888943881
0.0002884609857574105
0.00039691399433650076
0.0001927819976117462
0.0004374610143713653
0.0004656540113501251
0.0003285669954493642
0.0005826829874422401
0.002264337002998218
0.00034148001577705145
0.002305864996742457
0.002314901998033747
0.0023462209792342037
0.0023827989934943616
0.0024071149819064885
0.002336092002224177
0.00022365001495927572
0.002337765006814152
0.00035257198032923043
0.00034518801840022206
0.0003306099970359355
0.0002447890001349151
0.0004322709864936769
0.00034044901258312166
0.00026335398433730006
0.00043081899639219046
0.0005481080152094364
0.0002588949864730239
0.0024913339875638485
0.0005789559800177813
0.000531706988113001
0.00022742600413039327
0.00023717500152997673
0.00014897901564836502
0.00017780298367142677
0.00023957999655976892
0.00023460999364033341
0.00023400899954140186
0.00022725699818693101
0.0003310309839434922
0.00017420700169168413
0.00018144099158234894
0.00023634301032871008
0.002392397989751771
0.002443914010655135
0.0024328329891432077
0.002369714988162741
0.0023720300232525915
0.0024830570037011057
0.0023214440152514726
0.0008753119909670204
0.0023817280016373843
0.0003220240178052336
0.00031267598387785256
0.00031565199606120586
0.00031842701719142497
0.0002926290035247803
0.0002922179992310703
0.0003455480036791414
0.00028864198247902095
0.0002397600037511438
0.0003462999884504825
0.00030011299531906843
0.00020731898257508874
0.0002691650006454438
0.00025086000096052885
0.00025891599943861365
0.0002684040227904916
0.0002792839950416237
0.002332314004888758
0.00048429801245220006
0.00019792199600487947
0.0003012149827554822
0.0004700210120063275
0.0001701589790172875
0.0003258909855503589
0.00039038198883645236
0.00029261899180710316
0.00036435300717130303
0.000500358990393579
0.0006511110113933682
0.00020315099391154945
0.0004905599926132709
0.00026464700931683183
0.0002211050014011562
0.00036417299997992814
0.00035628798650577664
0.000229761004447937
0.00036083697341382504
0.0024997990112751722
0.002349646994844079
0.0024480519932694733
0.002375384996412322
0.0023806650133337826
0.0023768979881424457
0.0023769590188749135
0.0024812640040181577
0.0024593229754827917
0.00025247299345210195
0.00024996898719109595
0.0003084880008827895
0.0001797479926608503
0.00032355700386688113
0.0002752570144366473
0.0002086919848807156
0.0003710659802891314
0.0003032789973076433
0.00024533100076951087
0.002340820006793365
0.0004773250257130712
0.0003014859976246953
0.00026703099138103426
0.00036853100755251944
0.00034803300513885915
0.00022311799693852663
0.0003034590044990182
0.00027374300407245755
0.00020084698917344213
0.0004773059918079525
0.0003673089959193021
0.00023636399419046938
0.0003159030165988952
0.00028207898139953613
0.0005649200174957514
0.00022237698431126773
0.00023967900779098272
0.0023462809913326055
0.00037896999856457114
0.0004796900029759854
0.0003181970096193254
0.002399520977633074
0.0023309820098802447
0.002406203013379127
0.0024371409963350743
0.0023036409984342754
0.0023141409910749644
0.0022821599850431085
0.0023992400092538446
0.0006938510050531477
0.000267202005488798
0.00043303202255629003
0.00038676601252518594
0.0002867079747375101
0.00037732700002379715
0.00023532100021839142
0.00035958498483523726
0.0004274820093996823
0.0004917719925288111
0.0022582359961234033
0.0003150409902445972
0.0004311079974286258
0.0003031379892490804
0.0003625399840530008
0.0001839949982240796
0.00033797399373725057
0.00040047100628726184
0.0003565789957065135
0.0002326460089534521
0.00028778001433238387
0.00033087999327108264
0.0003444559988565743
0.00023460999364033341
0.000339236983563751
0.0003450270160101354
0.000379972014343366
0.0024251889844890684
0.0005121110007166862
0.00023951902403496206
0.00025599999935366213
0.0005355250032152981
0.002361961000133306
0.002316775993676856
0.002363083011005074
0.0023298900050576776
0.0023761170159559697
0.0025058999890461564
0.0024645919911563396
0.0024651740095578134
